"Alabama": 0.6467972972597691
"Alaska": 0.43509559395943787
"Arizona": 0.2520118334733097
"Arkansas": 0.05243454896554424
"California": 0.5476899064575529
"Colorado": 0.4194651091632855
"Connecticut": 0.4545570984391132
"Delaware": 0.38602096715246215
"District of Columbia": -0.16985562534079837
"Florida": 0.5725238970128125
"Georgia": 0.7064762720390526
"Hawaii": 0.6512500738703532
"Idaho": 0.5967314952859325
"Illinois": 0.24290535262561214
"Indiana": 0.5654084914343742
"Iowa": 0.5458380869390833
"Kansas": 0.5099479315779377
"Kentucky": 0.6671266674070844
"Louisiana": 0.4587483583373085
"Maine": 0.24616116329369295
"Montana": 0.48211442126712045
"Nebraska": 0.3745631485960702
"Nevada": 0.3384049987046275
"New Hampshire": 0.31664262256010567
"New Jersey": 0.34462805485682513
"New Mexico": 0.4488457108314799
"New York": 0.3993733042077254
"North Carolina": 0.7458565879584111
"North Dakota": -0.02708148060353703
"Ohio": 0.4488782918503089
"Oklahoma": 0.42318214160636314
"Oregon": 0.03858290880049638
"Maryland": 0.33794923532286686
"Massachusetts": 0.34401264850940816
"Michigan": 0.39953030590569616
"Minnesota": 0.541199876710075
"Mississippi": 0.3872081441525872
"Missouri": 0.47131632130261225
"Pennsylvania": 0.6165443303333508
"Rhode Island": 0.5361985617609317
"South Carolina": 0.597658882696557
"South Dakota": 0.3675749123610687
"Tennessee": 0.5799481610569707
"Texas": 0.4175874663374545
"Utah": 0.5356915066118858
"Vermont": 0.5476346983526097
"Virginia": 0.6107572080464384
"Washington": 0.20385033226505447
"West Virginia": 0.4506660912285753
"Wisconsin": 0.36483111524015743
"Wyoming": 0.06248726944139738
"USA": 0.5866983238034883
