Alabama: 0.644232905214
Alaska: nan
Arizona: 0.252011833473
Arkansas: 0.0502447319575
California: 0.547843017148
Colorado: 0.419465109163
Connecticut: 0.454557098439
Delaware: 0.38320910762
District of Columbia: -0.169855625341
Florida: 0.571631218978
Georgia: 0.702939004142
Hawaii: 0.236070202489
Idaho: 0.596731495286
Illinois: 0.242905352626
Indiana: 0.565408491434
Iowa: 0.545838086939
Kansas: 0.509947931578
Kentucky: 0.667126667407
Louisiana: 0.458748358337
Maine: 0.246161163294
Montana: 0.481899206335
Nebraska: 0.374563148596
Nevada: 0.338404998705
New Hampshire: 0.31664262256
New Jersey: 0.344628054857
New Mexico: 0.448845710831
New York: 0.399023293469
North Carolina: 0.745856587958
North Dakota: -0.0270814806035
Ohio: 0.44887829185
Oklahoma: 0.423182141606
Oregon: 0.0385829088005
Maryland: 0.337949235323
Massachusetts: 0.344012648509
Michigan: 0.400400704065
Minnesota: 0.540475382677
Mississippi: 0.387208144153
Missouri: 0.471316321303
Pennsylvania: 0.616544330333
Rhode Island: 0.536198561761
South Carolina: 0.597658882697
South Dakota: 0.367574912361
Tennessee: 0.579948161057
Texas: 0.417850298016
Utah: 0.535691506612
Vermont: 0.551584602264
Virginia: 0.610757208046
Washington: 0.204690898743
West Virginia: 0.450666091229
Wisconsin: 0.36483111524
Wyoming: 0.0624872694414
